 newcharges26may19.txt 
New OMP							   
                         NEW     Running         Running
                        charge   Sum       Diff   Sum Diff
1	P		1.1663	1.1663	-0.2977	-0.2977	   
2	O1P		-0.9534	0.2129	-0.0874	-0.3851	   
3	O2P		-0.9534	-0.7405	-0.0874	-0.4725	   
4	O3P		-0.9534	-1.6939	-0.0874	-0.5599	   
5	O5'		-0.4989	-2.1928	0.3671	-0.1928	   
6	C5'		0.0558	-2.137	0	-0.1928	   
7	H5'1		0.0679	-2.0691	0	-0.1928	   
8	H5'2		0.0679	-2.0012	0	-0.1928	   
9	C4'		0.1065	-1.8947	0	-0.1928	   
10	H4'		0.1174	-1.7773	0	-0.1928	   
11	O4'		-0.3548	-2.1321	0	-0.1928	   
12	C1'		0.0674	-2.0647	0	-0.1928	   
13	H1'		0.1824	-1.8823	0	-0.1928	   
14	N1		0.0418	-1.8405	0	-0.1928	   
15	C6		-0.1126	-1.9531	0	-0.1928	   
16	C7		0.5	-1.4531	0.3874	0.1946	   
17	C5		-0.3635	-1.8166	0	0.1946	   
18	H5		0.1811	-1.6355	0	0.1946	   
19	C4		0.5952	-1.0403	0	0.1946	   
20	O4		-0.5761	-1.6164	0	0.1946	   
21	N3		-0.3549	-1.9713	0	0.1946	   
22	H3		0.3154	-1.6559	0	0.1946	   
23	C2		0.4687	-1.1872	0	0.1946	   
24	O2		-0.5477	-1.7349	0	0.1946	   
25	C3'		0.2022	-1.5327	0	0.1946	   
26	H3'		0.0615	-1.4712	0	0.1946	   
27	C2'		0.067	-1.4042	0	0.1946	   
28	H2'1		0.0972	-1.307	0	0.1946	   
29	O2'		-0.6139	-1.9209	0	0.1946	   
30	HO'2		0.4186	-1.5023	0	0.1946	   
31	O3'		-0.5246	-2.0269	0	0.1946	   
32	H3T		0.5246	-1.5023	0	0.1946	   
	O71		-0.74885	-2.25115	-0.0973	0.0973	   
	O72		-0.74885	-3	-0.0973	-3.3E-16	   
							   
			-3	-3	-3.3E-16		   
							   
	ASP	CG	C	0.7994	8		   
		OD1	O2	-0.8014	9		   
		OD2	O2	-0.8014	10		 
